19950101
19950102
19950103
19950104
19950105
19950106
19950107
19950108
19950109
19950110
19950111
19950112
19950113
19950114
19950115
19950116
19950117
19950118
19950119
19950120
19950121
19950122
19950123
19950124
19950125
19950126
19950127
19950128
19950129
19950130
19950131
19950201
19950202
19950203
19950204
19950205
19950206
19950207
19950208
19950209
19950210
19950211
19950212
19950213
19950214
19950215
19950216
19950217
19950218
19950219
19950220
19950221
19950222
19950223
19950224
19950225
19950226
19950227
19950228
19950301
19950302
19950303
19950304
19950305
19950306
19950307
19950308
19950309
19950310
19950311
19950312
19950313
19950314
19950315
19950316
19950317
19950318
19950319
19950320
19950321
19950322
19950323
19950324
19950325
19950326
19950327
19950328
19950329
19950330
19950331
19950401
19950402
19950403
19950404
19950405
19950406
19950407
19950408
19950409
19950410
19950411
19950412
19950413
19950414
19950415
19950416
19950417
19950418
19950419
19950420
19950421
19950422
19950423
19950424
19950425
19950426
19950427
19950428
19950429
19950430
19950501
19950502
19950503
19950504
19950505
19950506
19950507
19950508
19950509
19950510
19950511
19950512
19950513
19950514
19950515
19950516
19950517
19950518
19950519
19950520
19950521
19950522
19950523
19950524
19950525
19950526
19950527
19950528
19950529
19950530
19950531
19950601
19950602
19950603
19950604
19950605
19950606
19950607
19950608
19950609
19950610
19950611
19950612
19950613
19950614
19950615
19950616
19950617
19950618
19950619
19950620
19950621
19950622
19950623
19950624
19950625
19950626
19950627
19950628
19950629
19950630
19950701
19950702
19950703
19950704
19950705
19950706
19950707
19950708
19950709
19950710
19950711
19950712
19950713
19950714
19950715
19950716
19950717
19950718
19950719
19950720
19950721
19950722
19950723
19950724
19950725
19950726
19950727
19950728
19950729
19950730
19950731
19950801
19950802
19950803
19950804
19950805
19950806
19950807
19950808
19950809
19950810
19950811
19950812
19950813
19950814
19950815
19950816
19950817
19950818
19950819
19950820
19950821
19950822
19950823
19950824
19950825
19950826
19950827
19950828
19950829
19950830
19950831
19950901
19950902
19950903
19950904
19950905
19950906
19950907
19950908
19950909
19950910
19950911
19950912
19950913
19950914
19950915
19950916
19950917
19950918
19950919
19950920
19950921
19950922
19950923
19950924
19950925
19950926
19950927
19950928
19950929
19950930
19951001
19951002
19951003
19951004
19951005
19951006
19951007
19951008
19951009
19951010
19951011
19951012
19951013
19951014
19951015
19951016
19951017
19951018
19951019
19951020
19951021
19951022
19951023
19951024
19951025
19951026
19951027
19951028
19951029
19951030
19951031
19951101
19951102
19951103
19951104
19951105
19951106
19951107
19951108
19951109
19951110
19951111
19951112
19951113
19951114
19951115
19951116
19951117
19951118
19951119
19951120
19951121
19951122
19951123
19951124
19951125
19951126
19951127
19951128
19951129
19951130
19951201
19951202
19951203
19951204
19951205
19951206
19951207
19951208
19951209
19951210
19951211
19951212
19951213
19951214
19951215
19951216
19951217
19951218
19951219
19951220
19951221
19951222
19951223
19951224
19951225
19951226
19951227
19951228
19951229
19951230
19951231
